    'NaN   NaN   NaN  0.16  0.42  0.33  0.36  0.42  0.33  0.92  1.04  0.92  0.82  0.67  0.85  0.96  1.26  1.08  1.39  1.56   NaN   NaN   NaN   NaN   NaN  0.89  0.85  0.85  0.85  0.53  1.16  0.47  0.55  1.85  3.02 12.96'
    'NaN   NaN   NaN  1.88  0.52  0.44  0.33  0.44  0.30  1.16  1.13  1.10  0.76  0.93  1.10  1.36  0.71  0.85  0.90  1.28   NaN   NaN   NaN   NaN   NaN  0.96  0.82   NaN  0.82  0.86  0.99  0.55  0.71  1.13  2.18 25.36'
    'NaN   NaN   NaN 28.90  0.53  1.08  0.40  0.25  0.31  0.74  1.11  1.07  1.05  1.17  1.30  1.39  1.14  1.38   NaN   NaN   NaN   NaN   NaN   NaN  1.33  1.07  1.33  1.69  1.10  0.93  0.90  1.08  0.44  1.26  2.13 24.70'
    'NaN   NaN   NaN  5.04  0.74  0.33  0.39  0.55  0.40  1.44  1.07  1.76  1.76  1.32   NaN   NaN   NaN   NaN   NaN   NaN   NaN   NaN   NaN   NaN  1.02  1.07  1.32 11.68  0.85  0.83  0.71  1.47  0.83  1.17  1.88 24.20'
    'NaN   NaN   NaN  0.70  0.61  0.49  0.31  0.27  0.37  0.82  1.29  1.32   NaN   NaN   NaN   NaN   NaN   NaN   NaN   NaN   NaN   NaN   NaN   NaN  0.99  1.28  6.51   NaN  1.36  1.23  0.56  1.01  1.25  0.95  2.46 18.56'
    'NaN   NaN   NaN   NaN  0.47  1.28  0.47  0.55  0.64  1.07  1.28  1.82   NaN   NaN   NaN   NaN   NaN   NaN   NaN   NaN   NaN   NaN   NaN   NaN  1.04  1.35  1.69  1.50   NaN  1.42  1.22  0.74  0.80  1.14 10.30 27.75'
    'NaN   NaN   NaN   NaN  0.44  0.53  0.89  0.18  0.68  0.86  1.22  1.23  1.23  1.01  0.43   NaN   NaN   NaN   NaN   NaN   NaN   NaN  1.19  1.10  1.02  1.38  0.85  2.55   NaN   NaN  4.11  1.50  0.83  0.40  7.18  9.28'
    'NaN   NaN   NaN   NaN  0.44  0.44  1.05  0.79  1.14  0.93  0.93  1.11  1.13  1.11  1.11   NaN  0.80  1.29   NaN   NaN   NaN  1.08  1.13  1.17  1.23  1.08  0.95  3.69   NaN   NaN  2.53  1.48  0.98  0.37  5.47   NaN'
    'NaN   NaN   NaN   NaN  0.69  0.44  0.15  0.34  0.37  0.91  1.08  1.25  1.20  0.87  0.96  0.74  0.73  1.10  0.76   NaN  1.05  1.13  6.30   NaN   NaN   NaN  1.96   NaN   NaN   NaN  2.27  2.16  0.77  0.85  6.05  2.19'
    'NaN   NaN   NaN   NaN  0.52  0.49  0.09  0.36  0.96  1.16  1.01  1.14  1.13  1.05  1.20  0.58  0.93  1.13  1.10  0.85  1.10   NaN   NaN  1.78  7.19  4.46  2.67  1.69   NaN   NaN   NaN  2.48  0.37  2.15 39.44   NaN'
    'NaN   NaN   NaN   NaN  0.59  0.68  0.31  0.47  0.83  0.86  0.74  0.80  0.67  0.90  0.73  0.85  1.14  0.92  1.05  0.99  0.99  0.96  0.59  1.32 10.97  9.34  3.77  2.65   NaN   NaN   NaN  1.52  0.71  0.87 40.98 42.60'
    'NaN   NaN   NaN   NaN  0.63  0.52  0.19  0.73  0.55  1.13  0.87  0.89  0.85  0.58  0.90  1.07  0.96  0.79  0.80  0.89  1.07  1.02  0.99  1.02   NaN   NaN 14.11   NaN   NaN   NaN   NaN  1.18  0.61  1.15 42.80 38.18'
    'NaN   NaN   NaN   NaN  0.65  0.47  0.33  1.13  0.86  0.80  0.67  1.20  0.55  0.99  1.04  1.14  0.90  0.64  0.92  0.96  1.14  1.08  0.85  1.05   NaN   NaN   NaN   NaN   NaN   NaN   NaN 49.16  0.58  0.62 42.57   NaN'
    'NaN   NaN   NaN   NaN  0.59  0.46  0.46  1.08  1.36  0.73  1.06  0.71  0.74  0.52  0.92  1.02  0.55  0.79  0.98  0.95  1.05  1.05  1.14  1.70   NaN   NaN   NaN   NaN   NaN   NaN   NaN   NaN  0.36 23.71   NaN 44.92'
    'NaN   NaN   NaN   NaN  0.70  0.31  0.39  0.53  0.96  0.67  0.78  0.80  0.64  0.61  1.15  0.98  1.04  0.96  1.05  0.96  0.98  0.99  1.70   NaN   NaN   NaN   NaN   NaN   NaN   NaN   NaN  9.18  0.56  0.42 45.65 44.06'
    'NaN   NaN   NaN   NaN  0.71  0.49  0.40  0.52  0.31  0.65  0.52  0.71  0.90  0.80  0.98  0.93  0.99  0.71  0.79  1.05  1.19   NaN   NaN   NaN   NaN   NaN   NaN   NaN   NaN   NaN   NaN 10.30  0.70 26.07   NaN 43.09'
    'NaN   NaN   NaN   NaN  0.67  0.55  0.39  0.43  1.49  0.64  1.02  0.65  0.78  0.55  0.93  0.86  1.04  0.99  0.92  1.02  1.50  1.70   NaN   NaN   NaN   NaN   NaN   NaN   NaN   NaN   NaN   NaN  0.86  8.90   NaN 43.39'
    'NaN   NaN   NaN   NaN  0.40  0.54  0.58  0.88  0.40  0.55  0.89  1.10  0.70  0.98  0.87  0.86  1.07  0.95  1.04  0.95  0.76  1.16  2.46   NaN   NaN   NaN   NaN   NaN   NaN   NaN   NaN   NaN  5.05   NaN   NaN 44.14'
    'NaN   NaN   NaN   NaN  0.76  0.52  0.18  0.73  0.64  0.55  0.59  0.90  1.23  1.07  1.10  1.07  1.02  0.80  0.96  1.01  1.29  1.05  1.07   NaN   NaN   NaN   NaN   NaN   NaN   NaN   NaN   NaN   NaN  5.77   NaN  0.07'
    'NaN   NaN   NaN   NaN  0.61  0.59  0.15  0.41  0.56  0.37  0.72  1.19  0.77  1.13  1.19  1.07  0.92  0.90  0.99  1.02  1.59  2.58   NaN   NaN   NaN   NaN   NaN   NaN   NaN   NaN   NaN   NaN   NaN  0.40 41.22  0.04'
    'NaN   NaN   NaN   NaN  0.74  0.53  0.33  0.45  0.50  0.24  0.93  0.90  0.97  1.01  1.30  0.98  1.04  1.12  1.13  1.20  1.14  5.47   NaN   NaN   NaN   NaN   NaN   NaN   NaN   NaN   NaN   NaN   NaN  4.82 41.22  0.03'
    'NaN   NaN   NaN   NaN  0.68  0.87  0.64  0.64  0.50  0.68  0.70  0.92  0.99  1.25  1.42  1.23  0.98  1.07  1.04  1.08  1.33  1.22  1.79   NaN   NaN   NaN   NaN   NaN   NaN   NaN   NaN   NaN 41.42   NaN 42.19  0.01'
    'NaN   NaN   NaN   NaN  1.07  0.62  0.27  0.76  0.67  0.50  0.86  1.04  1.30  1.30  1.07  1.07  0.93  1.05  1.14  1.05  1.01  1.25  1.50   NaN   NaN   NaN   NaN   NaN   NaN   NaN   NaN   NaN 41.16 36.32 41.22  0.10'
    'NaN   NaN   NaN   NaN  0.93  0.58  0.21  0.56  0.27  0.67  1.04  1.78  1.43  1.39  1.08  0.97  1.11  1.04  1.19  1.06  1.05  1.07  1.49  2.13  2.69  1.72 10.97   NaN   NaN   NaN   NaN   NaN 44.17 39.70 43.38  0.06'
    'NaN   NaN   NaN   NaN  0.74  0.50  0.16  0.55  0.22  0.95  0.90  0.85   NaN   NaN  0.80  0.93  1.08  1.16  0.96  1.13  1.30  1.25  1.14  1.65  1.54  1.45  2.06   NaN   NaN   NaN   NaN   NaN 11.49 18.68 31.28 35.01'
    'NaN   NaN   NaN   NaN  1.30  0.64  0.44  0.59  0.53  0.62  0.98  0.86   NaN   NaN   NaN  0.83  0.98  0.86  0.93  0.86  0.98  1.02  0.99  0.98  1.57  2.84  1.96   NaN   NaN   NaN   NaN   NaN 24.74 40.39 41.11  0.16'
    'NaN   NaN   NaN   NaN  0.68  0.59  0.56  0.62  0.40  0.78  1.04  2.19   NaN   NaN   NaN  0.89  1.19  1.05  1.38  1.02  0.83  0.82  0.93  0.99  1.33  1.59  1.87   NaN   NaN   NaN   NaN   NaN 17.47 18.22 17.49  0.13'
    'NaN   NaN   NaN   NaN  0.74  0.47  0.39  0.34  0.53  0.87  0.99  2.25   NaN   NaN  1.47  0.96  1.22  1.17  0.59  0.56  0.65  0.71  0.82  0.80  1.13  1.47  2.13  1.99  5.34  3.90   NaN   NaN 25.60 33.21 37.43 19.67'
    'NaN   NaN   NaN   NaN  0.53  0.46  0.31  0.43  0.40  0.87  1.08   NaN   NaN   NaN  1.37  1.11  1.22  1.26  1.02  1.07  0.98  0.98  1.07  1.01  1.01  1.93  2.28  1.93  1.45  1.60   NaN   NaN 41.19 17.47 23.35 29.16'
    'NaN   NaN   NaN   NaN  0.64  0.44  0.44  0.44  0.59  1.07  0.82   NaN   NaN  0.83  0.96  1.13  1.01  1.16  1.04  1.02  0.95  0.77  1.08  0.95  1.02  1.72  1.45  1.25  1.19  1.05   NaN   NaN 42.70 41.22 18.61 35.95'
    'NaN   NaN   NaN   NaN  1.22  0.50  0.34  0.27  0.58  1.14  1.30  1.35  1.07  1.16  1.11  1.13  0.99  0.99  1.08  0.95  1.11  0.95  0.79  1.06  1.08  1.44  1.54  1.08  1.11  1.19   NaN   NaN 28.35 11.19 42.68 23.37'
    'NaN   NaN   NaN   NaN  0.87  0.47  0.27  0.64  0.40  0.95  1.11  1.17  1.05  0.62  1.04  0.96  0.85  0.61  0.76  0.68  0.82  0.95  0.96  1.02  1.16  1.42  1.53  1.04  1.22  1.16  5.25   NaN  2.55  4.15  3.78  2.08'
    'NaN   NaN  0.87  0.86  0.50  0.42  0.49  0.71  0.93  0.92  1.01  1.05  1.04  1.20  0.99  0.95  0.93  0.77  0.85  0.50  0.40  0.73  0.65  1.02  1.08  1.42  1.41  1.20  1.16  1.11  3.14   NaN 11.99  4.11 41.81 33.68'
    'NaN   NaN  0.80  0.99  0.98  0.68  1.03  0.65  1.08  0.86  1.05  1.10  1.28  1.05  0.89  0.82  0.55  0.56  0.76  0.53  0.93  0.87  0.83  1.07  1.17  1.29  1.38  1.19  1.16  0.95  1.30  7.12 34.83  2.40 26.29 11.86'
    'NaN   NaN  1.12  0.47  0.76  0.59  0.49  0.42  1.02  1.63  0.93  1.17  1.11  0.86  0.93  0.76  0.46  0.71  0.81  0.64  0.88  0.89  1.02  1.13  1.19  1.33  1.47  1.05  1.16  0.70  0.86  4.12 11.71   NaN   NaN   NaN'
    'NaN   NaN  0.42  0.49  0.62  0.37  0.94  0.68  0.70  0.71  0.92  0.85  1.02  0.89  0.80  0.80  0.71  0.64  0.85  0.80  0.36  0.74  1.04  1.13  1.19  1.35  1.33  1.07  1.14  0.85  1.19  4.18 15.05 38.94 29.36 44.03'
    'NaN   NaN  0.57  0.30  0.58  0.79  0.21  0.27  0.56  0.67  1.01  1.02  0.82  0.74  0.61  0.76  0.58  0.68  0.92  0.99  0.83  1.08  0.99  1.12  1.17  1.17  1.29  1.07  1.19  0.98  0.85  4.12  4.70 41.36   NaN   NaN'
    'NaN   NaN  0.45  0.55  0.63  0.76  0.31  0.56  0.69  0.87  0.79  0.85  0.77  0.95  0.51  0.83  0.53  0.82  0.92  0.56  0.74  1.01  1.05  1.14  1.07  1.25  1.25  1.05  1.19  1.39  1.39  1.66   NaN   NaN 21.30   NaN'
    'NaN   NaN  0.30  0.40  0.40  0.70  0.34  0.52  0.65  0.53  0.62  0.67  0.73  0.80  0.82  0.62  0.36  0.61  0.50  0.65  1.10  0.81  1.01  1.19  1.08  1.08  1.24  1.11  1.30  0.47  2.44  1.57  7.78 42.60  8.60   NaN'
    'NaN   NaN  0.42  0.48  0.46  0.53  0.56  0.39  0.63  0.59  0.73  0.87  0.62  0.70  0.82  0.48  1.10  0.77  0.67  0.37  0.63  1.02  0.95  1.07  1.13  1.23  1.19  1.17  1.22  1.14  4.11  5.56   NaN 43.00 26.39 41.51'
    'NaN   NaN  0.40  0.71  0.39  0.70  0.70  0.83  0.87  0.71  0.56  0.74  0.82  0.89  0.79  0.71  0.56  0.64  1.02  0.49  0.53  0.80  0.67  1.13  1.13  1.29  1.13  1.14  1.20  0.98   NaN   NaN 26.20 22.80 44.00 43.46'
    'NaN   NaN  0.56  0.40  0.22  0.98  0.87  0.24  0.85  0.74  0.67  0.89  0.59  0.98  0.90  0.61  0.61  0.67  0.73  0.52  0.67  0.83  1.20  1.23  1.11  1.14  1.07  1.16  1.22  1.82  1.33   NaN 12.97   NaN 44.17   NaN'
    'NaN   NaN  1.38  0.46  0.42  0.87  2.68  6.14  2.56  0.53  0.91  0.96  0.61  0.96  0.76  0.71  0.43  1.25  0.96  0.67  0.67  0.99  1.20  1.19  1.23  1.20  1.08  1.19  1.28  1.07  0.87   NaN 27.49 27.81   NaN 42.94'
    'NaN   NaN  4.80  0.39  0.55  0.28  0.27  2.02  1.16  0.47  0.75  1.01  0.92  0.93  0.83  0.50  0.64  0.93  0.96  0.67  0.59  0.93  1.06  1.10  1.14  1.12  1.02  1.23  1.29  0.93  2.50   NaN 11.56 44.92 21.85 34.01'
    'NaN   NaN   NaN  0.19  0.25  0.16  0.84  0.67  0.43  0.42  0.68  0.55  0.96  0.89  0.76  0.61  0.67  0.77  0.65  0.85  0.72  0.85  1.01  1.17  1.22  1.08  1.16  1.20  1.16  0.87   NaN   NaN  8.29 43.24   NaN 38.37'
    'NaN   NaN   NaN  0.22  0.21  0.40  0.62  0.42  0.55  0.21  0.46  0.58  0.90  0.89  0.79  0.62  0.39  0.31  0.73  0.80  0.44  0.95  0.93  1.11  1.28  1.16  1.07  1.19  1.19  1.08   NaN   NaN  9.72  8.60   NaN   NaN'
    'NaN   NaN   NaN  0.28  0.56  1.25  0.37  1.13  0.52  0.74  0.64  0.33  0.74  0.62  0.68  0.67  0.66  1.07  0.56  0.80  0.99  1.11  1.04  1.13  1.25  1.25  1.10  1.14  1.26   NaN   NaN   NaN  7.17 44.77   NaN   NaN'
    'NaN   NaN   NaN  0.30  0.39  0.33  0.36  0.27  0.40  0.73  1.15  0.37  0.78  0.89  0.52  0.58  0.62  0.56  0.67  0.88  0.59  1.20  0.93  0.93  0.87  1.10  1.22  1.25  0.62   NaN   NaN   NaN 29.99   NaN   NaN 11.25'
    'NaN   NaN   NaN  0.24  0.28  0.07  0.90  0.30  0.42  0.40  0.73  0.33  0.49  0.75  0.76  0.44  0.58  0.89  0.80  0.65  0.93  1.11  1.04  1.20  1.10  5.60   NaN   NaN   NaN   NaN   NaN 13.02 25.35 35.18   NaN 25.90'
    'NaN   NaN 20.78  0.49  0.27  0.25  1.56  1.01  0.50  0.39  0.65  0.44  0.82  0.58  0.74  0.43  0.43  0.64  0.86  0.59  0.77  0.95  1.23  1.33  1.30   NaN   NaN   NaN   NaN   NaN   NaN  9.96   NaN   NaN   NaN   NaN'
    'NaN   NaN   NaN  0.53  0.37  0.69  0.85  0.50  0.79  1.05  0.63  0.49  0.33  0.53  0.85  0.55  0.37  0.52  0.80  0.58  0.71  1.04  1.17  1.13   NaN   NaN   NaN   NaN   NaN   NaN   NaN   NaN   NaN 36.77   NaN   NaN'
    'NaN   NaN  0.77  1.05  0.39  0.30  0.55  0.43  0.56  0.36  0.42  0.39  0.28  0.30  0.30  0.47  0.59  0.61  0.77  0.36  0.83  1.25   NaN   NaN   NaN   NaN   NaN   NaN   NaN   NaN   NaN   NaN 42.77   NaN   NaN   NaN'
    'NaN   NaN   NaN  1.28  0.45  0.28  0.37  0.59  0.36  0.91  0.37  0.85  0.58  1.03  0.70  0.79  0.64  0.67  0.95  0.70  1.22  1.14  1.04  3.13   NaN   NaN   NaN   NaN   NaN   NaN   NaN   NaN   NaN 43.07   NaN 36.50'
    'NaN   NaN   NaN  3.57  0.39  0.50  0.44  0.53  0.27  1.41  0.85  1.25  0.75  1.25  0.30  0.51  0.65  0.86  0.95  0.76  1.07  1.45  1.13  1.35  4.76   NaN   NaN  1.87   NaN 23.20 44.09   NaN   NaN   NaN   NaN   NaN'
    'NaN   NaN   NaN  0.85  0.44  0.31  0.52  0.65  2.32  1.08  0.90  1.25  1.10  0.21  0.76  0.61  0.62  0.86  0.95  0.95  1.32  1.07  1.45  1.45  2.49   NaN  1.97  1.23   NaN 16.73 14.37 11.25 45.37   NaN 39.21 42.68'
    'NaN   NaN   NaN  0.65  0.58  0.34  0.19  0.93  1.35  1.38  1.02  1.60  1.39  0.82  0.67  0.56  0.93  1.05  1.07  0.99  0.88  0.77  1.19  2.09  2.02   NaN  1.08  1.02 18.53 13.05 15.85 12.62 44.31 42.70 45.74   NaN'
    'NaN   NaN   NaN  1.85  0.64  0.24  0.52  0.76  1.30  1.11  1.01  1.09  0.71  0.95  0.82  1.07  1.19  2.39  0.87  1.04  0.95  0.93  1.30  1.36  1.87  2.52  2.02  2.95 21.82 16.59 13.16 25.69 38.62 41.76   NaN   NaN'
    'NaN   NaN   NaN  3.37  0.43  0.40  1.08  1.13  2.03  2.25  1.28  1.62  1.20  1.32  1.50   NaN   NaN   NaN   NaN   NaN  1.11  0.93  1.20  1.16  1.29  2.19  1.56  0.71   NaN   NaN  0.46 24.73 31.21 35.32 44.05 15.95'
    'NaN   NaN   NaN  0.15  0.89  0.36  0.77  0.90  1.85  2.70   NaN   NaN   NaN  2.19  0.61   NaN   NaN   NaN   NaN   NaN  1.07  1.04  1.17  1.14  1.05  1.72  1.47  0.85  0.70 12.91  0.70 32.29 42.25 40.96 41.88 34.77'
    'NaN   NaN 21.25  0.90  2.29  1.23  0.61  1.04  1.05  1.63  2.14   NaN   NaN   NaN   NaN   NaN   NaN   NaN   NaN  3.48  0.82  0.87  0.95  1.01  0.90  1.35  1.53  1.47  0.62  0.68  1.30 25.90 42.46 32.92 37.57 35.15'
    'NaN   NaN  0.77  0.99  0.57  0.79  0.73  1.36  1.13  1.38  1.57  1.85   NaN   NaN   NaN   NaN   NaN   NaN   NaN  0.86  0.65  0.62  0.85  0.98  0.89  1.17  1.29  1.07  1.10  1.19  3.75  4.03 11.56   NaN 15.27  3.77'
    'NaN   NaN  0.21  0.31  0.40  0.67  0.72  0.76  1.15  1.42  1.25  1.51  3.22   NaN   NaN   NaN   NaN  2.00  0.82  0.65  0.62  0.64  0.73  0.95  0.90  1.19  2.09  1.38  1.02  0.67  0.89  1.19 20.68   NaN   NaN 32.39'
    'NaN   NaN  0.56  0.73  0.24  0.79  0.90  0.86  0.94  1.02  0.92  1.04  1.45  1.20   NaN   NaN   NaN  0.82  1.04  0.73  0.58  0.65  0.74  0.90  0.99  1.08  2.34  0.79  0.95  1.02  1.14   NaN   NaN   NaN   NaN 34.40'
    'NaN   NaN  0.43  0.74  0.36  0.83  0.90  1.02  1.63  0.99  0.96  0.64  0.80  1.66  4.24   NaN   NaN  1.05  0.92  0.68  0.46  0.56  0.76  0.85  0.99  1.10  1.33  1.91  1.33  1.04  1.53   NaN   NaN   NaN 34.46 22.68'
    'NaN   NaN  0.53  0.53  0.44  0.68  0.71  0.86  1.23  1.56  1.08  0.71  0.89  1.07  1.11  1.05  1.11  1.01  0.93  0.98  0.70  0.74  0.74  0.85  0.98  0.99  1.07  1.23  0.47  0.70  0.92  2.11   NaN   NaN   NaN 41.75'
    'NaN   NaN  0.28  0.53  0.40  0.77  0.58  0.90  0.71  1.16  0.87  0.87  1.02  0.85  0.92  0.90  0.92  0.89  0.83  0.86  0.93  0.83  0.71  0.87  0.87  0.96  1.02  1.02  1.01  0.82  0.79  2.77   NaN   NaN 20.73   NaN'
    'NaN   NaN  0.83  0.62  0.24  0.55  0.34  0.49  0.64  0.61  0.53  0.71  0.85  1.10  0.98  0.76  0.79  0.87  0.99  1.14  1.05  0.98  0.95  0.90  0.87  0.86  0.92  0.98  1.05  0.93  0.68  1.57  9.13   NaN 33.85 35.23'
    'NaN   NaN  1.02  0.70  0.47  0.56  0.34  0.62  0.74  0.93  0.67  0.56  0.62  0.93  0.55  0.98  0.80  0.59  0.87  0.71  1.26  1.04  0.90  0.86  0.89  0.90  0.87  0.95  0.77  0.43  0.71  1.25 12.49 27.23 33.88 31.13'
    'NaN   NaN   NaN  0.39  0.33  0.37  0.24  0.77  0.46  0.53  0.85  0.58  0.68  0.50  1.01  0.92  0.92  0.67  0.83  1.19  1.49  1.16  1.22  0.74  0.96  1.02  0.83  0.86  0.62  0.44  0.89  0.70  9.76 28.74 32.54 33.82'
    'NaN   NaN   NaN  0.39  0.42  0.36  0.33  0.63  0.37  0.43  0.58  0.76  0.93  1.10  0.82  0.79  0.76  0.64  0.92  1.29  2.19   NaN  2.98  0.95  0.95  1.01  0.92  0.92  0.74  0.64  1.16  0.79  1.87 22.85 29.68 25.55'
    'NaN   NaN   NaN  0.42  0.42  0.41  0.53  0.30  0.12  0.46  0.87  0.77  1.10  0.65  0.67  0.64  0.74  1.07  1.30  1.17   NaN   NaN   NaN  4.41  1.01  0.93  0.98  1.02  0.95  0.82  1.05  1.39  0.49  2.79 19.16 24.06'
    'NaN   NaN   NaN  0.64  0.50  0.47  0.30  0.27  6.97  0.76  0.93  1.04  0.82  1.22  0.79  0.93  1.02  1.23  1.39  1.54   NaN   NaN   NaN   NaN  2.54  0.86  0.64  0.89  0.93  0.73  1.10  0.89  0.37  2.60 41.08 29.79'