        1982     1762484      513719           0     1875719      557528           0
        1983     1860405      590437           0     1975283      633939           0
        1984     1884064      674219        5472     2004648      711651        9642
        1985     1868716      818464       64630     1984450      883302      100677
        1986     1870481     1044288       92142     1987118     1122179      159968
        1987     1852174     1022296      128827     1980333     1090290      212957
        1988     1863628     1041263      151499     1995296     1112084      240319
        1989     1680067     1126506      148056     1802526     1172107      223700
        1990     1608238     1000761       92741     1720836     1056597      123727
        1991     1412493      994703      103071     1516391     1045313      139958
        1992     1238644     1669095      226080     1329504     1739274      309966
        1993     1144183     2008098      190057     1230581     2103499      282774
        1994     1168222     2042192      213392     1248128     2124292      296480
        1995     1144120     2614635      182981     1222525     2695558      288100
        1996     1165679     2807908      159123     1238612     2928109      253799
        1997     1098726     2513830      173531     1172317     2632664      266670
        1998      880436     2627754      184822      945301     2746416      277931
        1999      914110     3211867      176220      985901     3331418      255240
        2000      926615     4380994      165678     1000027     4588738      270674
        2001      917102     4728971      184498      981334     4913967      263850
        2002      895340     5339158      195517      964936     5554523      281429
        2003      928138     6274629      194905     1001070     6494143      305019
        2004      942412     6710428      203408     1013465     7059357      318643
        2005     1065545     9566440      326631     1147319     9994248      631236
        2006     1054454    11586096      484123     1125707    12025087      842490
        2007     1073441    11939236      452393     1138635    12321650      806984
        2008     1443141    12573126      520915     1535572    12977691      979808
        2009     1203485    13353560      670745     1276966    13809812     1208053
        2010     1262501    14902150      825956     1362431    15342174     1419472
        2011     1453621    13976188      887548     1544579    14357822     1513577
        2012     1370901    11414235      784001     1464561    11801404     1301134
        2013     1285731    10790577      804401     1378036    11120401     1376090
        2014     1240429    12978126      844047     1317463    13380220     1457272
        2015      993158    20012658     8504120     1070416    20688392    14006815
        2016     1042269    20958528     9169268     1131313    21541984    15344338
        2017     1111316    18961000     9588785     1206013    19533045    15470262
        2018     1084461    17929750     9318100     1194451    18491914    15407699
        2019     1199143    17607604    10207444     1300646    18314872    16649029
        2020     1133821    19399870     9735732     1241121    20017725    15906282
        2021     1244162    19244811     9475378     1353704    19946344    15547898
        2022     1555167    18005748    10223403     1695715    18930989    16472343
        2023     1514983    16895952     9905008     1630768    17787853    15739830
        2024     1141424    16304048     9847954     1228163    17149884    15242391
        2025     1085725    15858239     9141242     1177812    16708775    14544213