         1960        -0.35         0.03        -0.35         0.02        -0.37         0.03        -0.37         0.03        -0.47         0.02        -0.47         0.02        -0.49         0.02        -0.48         0.02
         1961        -0.33         0.02        -0.33         0.02        -0.35         0.03        -0.34         0.02        -0.41         0.02        -0.41         0.02        -0.42         0.02        -0.41         0.02
         1962        -0.39         0.02        -0.39         0.02        -0.42         0.02        -0.42         0.02        -0.44         0.02        -0.44         0.02        -0.46         0.02        -0.46         0.02
         1963         -0.3         0.02         -0.3         0.02        -0.33         0.02        -0.33         0.02        -0.37         0.02        -0.37         0.02        -0.41         0.02        -0.41         0.02
         1964         -0.5         0.03         -0.5         0.02        -0.53         0.03        -0.52         0.02        -0.65         0.02        -0.65         0.02        -0.68         0.02        -0.67         0.02
         1965        -0.44         0.02        -0.44         0.02        -0.46         0.02        -0.46         0.02        -0.56         0.02        -0.56         0.02        -0.57         0.02        -0.58         0.02
         1966        -0.34         0.02        -0.34         0.02         -0.4         0.02        -0.39         0.02        -0.48         0.02        -0.48         0.02        -0.53         0.02        -0.52         0.02
         1967        -0.39         0.02        -0.39         0.02        -0.41         0.02        -0.42         0.02        -0.47         0.02        -0.47         0.02        -0.48         0.02        -0.48         0.02
         1968        -0.41         0.02        -0.41         0.02        -0.45         0.02        -0.44         0.02        -0.53         0.02        -0.53         0.02        -0.57         0.02        -0.56         0.02
         1969        -0.23         0.02        -0.23         0.02        -0.25         0.02        -0.26         0.02         -0.4         0.02         -0.4         0.02        -0.41         0.02        -0.42         0.02
         1970        -0.33         0.02        -0.34         0.02        -0.38         0.02        -0.37         0.02        -0.44         0.02        -0.44         0.02        -0.47         0.02        -0.46         0.02
         1971        -0.46         0.02        -0.46         0.02         -0.5         0.02        -0.49         0.02        -0.55         0.01        -0.55         0.01        -0.56         0.02        -0.55         0.02
         1972        -0.26         0.02        -0.26         0.02        -0.27         0.02        -0.27         0.02        -0.43         0.02        -0.43         0.02        -0.45         0.02        -0.45         0.02
         1973        -0.23         0.02        -0.23         0.02        -0.27         0.02        -0.26         0.02        -0.28         0.01        -0.28         0.01        -0.31         0.02         -0.3         0.02
         1974        -0.42         0.02        -0.42         0.02        -0.43         0.02        -0.43         0.02        -0.56         0.02        -0.56         0.02        -0.55         0.02        -0.55         0.02
         1975        -0.41         0.02         -0.4         0.02        -0.43         0.02        -0.42         0.02        -0.46         0.02        -0.46         0.02        -0.48         0.02        -0.48         0.02
         1976         -0.4         0.02         -0.4         0.02        -0.42         0.02        -0.41         0.02        -0.56         0.01        -0.56         0.01        -0.58         0.02        -0.58         0.02
         1977        -0.18         0.02        -0.18         0.02        -0.19         0.02        -0.18         0.02        -0.24         0.01        -0.24         0.01        -0.27         0.01        -0.26         0.01
         1978        -0.24         0.02        -0.24         0.02        -0.26         0.02        -0.26         0.02        -0.35         0.01        -0.35         0.01        -0.37         0.01        -0.37         0.01
         1979         -0.1         0.02         -0.1         0.01         -0.1         0.01         -0.1         0.01        -0.22         0.01        -0.21         0.01        -0.27         0.01        -0.27         0.01
         1980        -0.13         0.02        -0.14         0.02        -0.09         0.01         -0.1         0.01         -0.2         0.01         -0.2         0.01        -0.17         0.01        -0.18         0.01
         1981        -0.15         0.01        -0.14         0.01        -0.17         0.01        -0.15         0.01        -0.13         0.01        -0.12         0.01        -0.13         0.01        -0.12         0.01
         1982        -0.16         0.01        -0.19         0.01        -0.19         0.01         -0.2         0.01        -0.27         0.01         -0.3         0.01        -0.33         0.01        -0.35         0.01
         1983        -0.06         0.01        -0.08         0.01        -0.08         0.01        -0.08         0.01         -0.1         0.01        -0.11         0.01        -0.13         0.01        -0.14         0.01
         1984        -0.18         0.01        -0.21         0.01         -0.2         0.01        -0.21         0.01         -0.3         0.01        -0.32         0.01        -0.32         0.01        -0.32         0.01
         1985        -0.19         0.01        -0.22         0.01        -0.19         0.01        -0.23         0.01         -0.3         0.01        -0.32         0.01        -0.31         0.01        -0.33         0.01
         1986        -0.13         0.01        -0.16         0.01        -0.14         0.01        -0.14         0.01         -0.2         0.01        -0.22         0.01        -0.24         0.01        -0.24         0.01
         1987         0.02         0.01         0.01         0.01         0.03         0.01         0.04         0.01        -0.06         0.01        -0.06         0.01         -0.1         0.01         -0.1         0.01
         1988        -0.02         0.01        -0.05         0.01        -0.09         0.01        -0.08         0.01        -0.05         0.01        -0.06         0.01        -0.09         0.01        -0.08         0.01
         1989        -0.08         0.01         -0.1         0.01        -0.12         0.01        -0.11         0.01        -0.15         0.01        -0.16         0.01        -0.19         0.01        -0.19         0.01
         1990         0.04         0.01         0.03         0.01         0.02         0.01         0.02         0.01         0.03         0.01         0.02         0.01            0         0.01            0         0.01
         1991         0.05         0.01         0.03         0.01         0.02         0.01         0.02         0.01         0.01         0.01        -0.01         0.01        -0.02         0.01        -0.02         0.01
         1992        -0.07         0.01        -0.09         0.01         -0.1         0.01        -0.11         0.01        -0.18         0.01         -0.2            0        -0.23         0.01        -0.23         0.01
         1993        -0.07         0.01        -0.09         0.01        -0.11         0.01        -0.12         0.01        -0.14         0.01        -0.16         0.01        -0.21         0.01        -0.22         0.01
         1994            0         0.01        -0.03         0.01        -0.06         0.01        -0.06         0.01        -0.06         0.01        -0.07         0.01        -0.13         0.01        -0.13         0.01
         1995         0.02         0.01         0.01         0.01        -0.02         0.01        -0.02         0.01         0.05         0.01         0.04         0.01         0.02         0.01         0.02         0.01
         1996        -0.06         0.01        -0.08         0.01        -0.07         0.01        -0.07         0.01        -0.12         0.01        -0.13            0        -0.09         0.01         -0.1         0.01
         1997         0.11         0.01         0.09         0.01          0.1         0.01         0.09         0.01         0.08         0.01         0.06         0.01         0.03         0.01         0.02         0.01
         1998          0.2         0.01         0.19         0.01         0.18         0.01         0.18         0.01         0.23         0.01         0.22         0.01         0.19         0.01         0.19         0.01
         1999        -0.05         0.01        -0.06         0.01        -0.07         0.01        -0.07         0.01        -0.02         0.01        -0.03         0.01        -0.06         0.01        -0.06         0.01
         2000         0.01         0.01        -0.01         0.01        -0.02         0.01        -0.03         0.01        -0.01         0.01        -0.02         0.01        -0.03         0.01        -0.04         0.01
         2001         0.12         0.01          0.1         0.01         0.11         0.01         0.09         0.01         0.13         0.01         0.11         0.01         0.12         0.01          0.1         0.01
         2002         0.14         0.01         0.13         0.01         0.12         0.01         0.11         0.01         0.18         0.01         0.16         0.01         0.17         0.01         0.17         0.01
         2003         0.16         0.01         0.15         0.01         0.14         0.01         0.14         0.01         0.19         0.01         0.18         0.01         0.17         0.01         0.16         0.01
         2004         0.13         0.01         0.12         0.01         0.12         0.01         0.12         0.01         0.12         0.01         0.11         0.01         0.08         0.01         0.07         0.01
         2005         0.14         0.01         0.16         0.01         0.14         0.01         0.16         0.01         0.22         0.01         0.23         0.01         0.23         0.01         0.25         0.01
         2006         0.15         0.01         0.15         0.01         0.15         0.01         0.16         0.01         0.19         0.01         0.19         0.01          0.2         0.01          0.2         0.01
         2007         0.08         0.01         0.08         0.01         0.07         0.01         0.07         0.01         0.17         0.01         0.17         0.01         0.21         0.01          0.2         0.01
         2008         0.05         0.01         0.06         0.01         0.05         0.01         0.05         0.01         0.08         0.01         0.08         0.01         0.09         0.01         0.09         0.01
         2009         0.18         0.01         0.19         0.01         0.19         0.01         0.19         0.01         0.19         0.01         0.19         0.01         0.21         0.01         0.21         0.01
         2010          0.2         0.01          0.2         0.01         0.19         0.01         0.19         0.01         0.26         0.01         0.26         0.01         0.29         0.01         0.29         0.01
         2011         0.08         0.01         0.08         0.01         0.07         0.01         0.07         0.01         0.11         0.01         0.11         0.01         0.15         0.01         0.15         0.01
         2012         0.15         0.01         0.16         0.01         0.14         0.01         0.15         0.01         0.17         0.01         0.18         0.01         0.19         0.01         0.19         0.01
         2013         0.17         0.01         0.19         0.01          0.2         0.01          0.2         0.01         0.22         0.01         0.23         0.01         0.24         0.01         0.24         0.01
         2014         0.27         0.01         0.28         0.01         0.27         0.01         0.28         0.01         0.28         0.01         0.28         0.01          0.3         0.01          0.3         0.01
         2015         0.38         0.01         0.39         0.01         0.38         0.01         0.39         0.01         0.47         0.01         0.48         0.01         0.43         0.01         0.43         0.01
         2016         0.42         0.01         0.44         0.01         0.42         0.01         0.43         0.01         0.53         0.01         0.54         0.01         0.56         0.01         0.57         0.01
         2017         0.36         0.01         0.37         0.01         0.36         0.01         0.37         0.01         0.45         0.01         0.46         0.01         0.47         0.01         0.48         0.01
         2018         0.32         0.01         0.33         0.01         0.32         0.01         0.32         0.01         0.37         0.01         0.37         0.01          0.4         0.01          0.4         0.01
         2019         0.42         0.01         0.42         0.01         0.43         0.01         0.43         0.01         0.51         0.01         0.51         0.01         0.53         0.01         0.54         0.01
         2020         0.41         0.01         0.43         0.01         0.39         0.01          0.4         0.01         0.53         0.01         0.55         0.01         0.55         0.01         0.56         0.01
         2021         0.31         0.01         0.33         0.01          0.3         0.01         0.31         0.01         0.41         0.01         0.42         0.01         0.41         0.01         0.42         0.01
         2022         0.33         0.01         0.35         0.01         0.32         0.01         0.34         0.01         0.42         0.01         0.44         0.01         0.44         0.01         0.45         0.01
         2023         0.58         0.01         0.61         0.01         0.58         0.01         0.61         0.01         0.72         0.01         0.75         0.01         0.72         0.01         0.74         0.01
         2024         0.62         0.02         0.64         0.01         0.65         0.01         0.67         0.01          0.8         0.01         0.82         0.01         0.83         0.01         0.84         0.01
         2025         0.55         0.02         0.56         0.02         0.53         0.01         0.55         0.01          0.7         0.02         0.71         0.01         0.73         0.01         0.74         0.01