    'NaN   NaN   NaN   NaN  0.22  0.15  0.18  0.18  0.18  0.27  0.36  0.34  0.36  0.25  0.19  0.33  0.33  0.31  0.37  0.37   NaN   NaN   NaN   NaN   NaN  0.30  0.44  1.08  0.37  0.28  0.25  0.27  0.34  0.33 12.79  8.78'
    'NaN   NaN   NaN   NaN  0.26  0.19  0.13  0.15  0.18  0.27  0.39  0.33  0.30  0.21  0.25  0.34  0.36  0.31  0.40 14.22   NaN   NaN   NaN   NaN   NaN  0.28  0.46   NaN  0.55  0.28  0.31  0.21  0.25  0.28 11.50  9.58'
    'NaN   NaN   NaN   NaN  0.24  0.28  0.13  0.16  0.19  0.37  0.47  0.36  0.28  0.44  0.71  0.33  0.55  0.55   NaN   NaN   NaN   NaN   NaN   NaN  0.27  0.28  0.28   NaN  0.27  0.22  0.44  0.34  0.24  0.42  1.91  7.93'
    'NaN   NaN   NaN   NaN  0.28  0.82  0.13  0.19  0.22  0.47  0.44  0.58  0.13   NaN   NaN   NaN   NaN   NaN   NaN   NaN   NaN   NaN   NaN   NaN  0.30  0.39  0.49   NaN   NaN  0.28  3.31  0.44  0.22  0.86  1.04 19.47'
    'NaN   NaN   NaN   NaN  0.43  0.25  0.27  0.19  0.27  0.49  0.50  0.82   NaN   NaN   NaN   NaN   NaN   NaN   NaN   NaN   NaN   NaN   NaN   NaN  0.44  0.34   NaN   NaN   NaN  2.64  1.29  0.36  0.22  0.85  1.81 13.20'
    'NaN   NaN   NaN   NaN  0.70  0.09  0.12  0.18  0.21  0.43  0.50  0.42   NaN   NaN   NaN   NaN   NaN   NaN   NaN   NaN   NaN   NaN   NaN   NaN  0.43  0.36  0.37   NaN   NaN   NaN   NaN   NaN  0.19  0.43  1.14 11.32'
    'NaN   NaN   NaN   NaN  0.45   NaN  0.15  0.25  0.27  0.53  0.37  0.36  0.46   NaN   NaN   NaN   NaN   NaN   NaN   NaN   NaN   NaN   NaN  0.31  0.44  0.31  0.27  0.25   NaN   NaN   NaN  0.52  0.21  0.27  0.96 11.52'
    'NaN   NaN   NaN   NaN  0.13  0.13  0.18  0.16  0.25  0.42  0.39  0.39  0.36  0.41  0.33   NaN  1.29  0.67   NaN   NaN   NaN  0.25  0.47  0.34  0.68  0.52  0.25   NaN   NaN   NaN   NaN  0.27  0.27  0.33 17.81 19.44'
    'NaN   NaN   NaN   NaN  0.34  0.15  0.13  0.16  0.24  0.44  0.40  0.43  0.33  0.43  0.25  0.21  0.24  0.37  0.22   NaN  0.68  0.40  0.36   NaN   NaN   NaN  0.19   NaN   NaN   NaN   NaN  0.39  0.21  0.45 55.86 20.02'
    'NaN   NaN   NaN   NaN   NaN  0.09  0.21  0.18  0.28  0.43  0.37  0.39  0.34  0.25  0.33  0.22  0.25  0.34  0.25  0.31  0.40   NaN   NaN  0.67   NaN   NaN  5.95   NaN   NaN   NaN   NaN  1.02  0.21  0.19  5.31 19.48'
    'NaN   NaN   NaN   NaN  0.34  0.39  0.15  0.16  0.28  0.39  0.34  0.39  0.30  0.27  0.27  0.27  0.24  0.27  0.24  0.22  0.43  0.34  0.22  0.42   NaN  0.27  0.25   NaN   NaN   NaN   NaN  0.73  0.40  0.47 13.85 11.00'
    'NaN   NaN   NaN   NaN  0.19  0.21  0.15  0.16  0.24  0.33  0.33  0.36  0.30  0.24  0.33  0.31  0.30  0.37  0.33  0.22  0.28  0.21  0.40  2.37   NaN   NaN   NaN   NaN   NaN   NaN   NaN  0.63  1.38 23.28  9.22 10.69'
    'NaN   NaN   NaN   NaN  0.16  0.43  0.15  0.16  0.30  0.31  0.33  0.34  0.33  0.27  0.33  0.33  0.19  0.24  0.21  0.22  0.30  0.22  0.34  1.70   NaN   NaN   NaN   NaN   NaN   NaN   NaN   NaN  0.52  2.11  7.86 18.83'
    'NaN   NaN   NaN   NaN  0.71  0.21  0.13  0.12  0.27  0.34  0.36  0.36  0.33  0.30  0.30  0.27  0.24  0.24  0.27  0.21  0.25  0.37  0.47   NaN   NaN   NaN   NaN   NaN   NaN   NaN   NaN   NaN   NaN 10.08  8.39 12.63'
    'NaN   NaN   NaN   NaN  0.49  0.15  0.16  0.19  0.27  0.33  0.33  0.31  0.30  0.25  0.27  0.24  0.22  0.25  0.25  0.34  0.31  0.52  1.10   NaN   NaN   NaN   NaN   NaN   NaN   NaN   NaN   NaN   NaN  0.47 24.46 13.73'
    'NaN   NaN   NaN   NaN  0.31  0.16  0.12  0.30  0.27  0.30  0.36  0.36  0.34  0.25  0.25  0.28  0.22  0.22  0.21  0.43  1.48   NaN   NaN   NaN   NaN   NaN   NaN   NaN   NaN   NaN   NaN   NaN   NaN  0.39 22.19 10.13'
    'NaN   NaN   NaN   NaN  0.10  0.13  0.15  0.28  0.27  0.33  0.30  0.31  0.30  0.27  0.27  0.30  0.25  0.24  0.22  0.56  0.31  0.44   NaN   NaN   NaN   NaN   NaN   NaN   NaN   NaN   NaN   NaN   NaN   NaN 17.42 22.58'
    'NaN   NaN   NaN   NaN  0.46  0.18  0.15  0.21  0.24  0.28  0.33  0.33  0.28  0.27  0.30  0.30  0.28  0.24  0.25  0.24  0.31  0.42  0.89   NaN   NaN   NaN   NaN   NaN   NaN   NaN   NaN   NaN   NaN  3.38 25.29 27.32'
    'NaN   NaN   NaN   NaN  0.93  0.15  0.16  0.19  0.19  0.27  0.33  0.33  0.30  0.27  0.28  0.30  0.27  0.25  0.27  0.28  0.37  0.47  0.65   NaN   NaN   NaN   NaN   NaN   NaN   NaN   NaN   NaN   NaN   NaN 22.49 11.53'
    'NaN   NaN   NaN   NaN   NaN  0.15  0.15  0.24  0.27  0.25  0.30  0.34  0.27  0.25  0.30  0.27  0.28  0.21  0.90  0.21  0.43   NaN   NaN   NaN   NaN   NaN   NaN   NaN   NaN   NaN   NaN   NaN   NaN   NaN 25.98 21.79'
    'NaN   NaN   NaN   NaN   NaN  0.19  0.16  0.25  0.25  0.24  0.30  0.27  0.22  0.25  0.27  0.27  0.16  0.16  0.28  0.28   NaN   NaN   NaN   NaN   NaN   NaN   NaN   NaN   NaN   NaN   NaN   NaN   NaN  4.71 13.05 22.24'
    'NaN   NaN   NaN   NaN  0.46  0.15  0.19  0.18  0.24  0.22  0.33  0.27  0.27  0.33  0.37  0.28  0.13  0.34  0.30  0.27  0.36  0.39   NaN   NaN   NaN   NaN   NaN   NaN   NaN   NaN   NaN   NaN   NaN   NaN 12.96 17.58'
    'NaN   NaN   NaN   NaN   NaN  0.15  0.15  0.15  0.22  0.24  0.37  0.30  0.40  0.52  0.37  0.30  0.40  0.12  0.39  0.31  0.25  0.30  0.36   NaN   NaN   NaN   NaN   NaN   NaN   NaN   NaN   NaN   NaN 25.55 55.79 22.83'
    'NaN   NaN   NaN   NaN   NaN  0.13  0.19  0.16  0.21  0.24  0.36  0.36   NaN  0.30  0.44  0.24  0.24  1.59  0.31  0.39  0.33  0.36  0.34  1.47   NaN   NaN   NaN   NaN   NaN   NaN   NaN   NaN   NaN   NaN 55.85 19.29'
    'NaN   NaN   NaN   NaN  0.85  0.15  0.16  0.18  0.21  0.27  0.34  0.34   NaN   NaN  0.21  0.25  1.47   NaN  0.34  5.69  0.83  0.31  0.28  0.33  0.67  0.59   NaN   NaN   NaN   NaN   NaN   NaN   NaN   NaN 11.71 18.11'
    'NaN   NaN   NaN   NaN  9.09  0.16  0.16  0.19  0.21  0.28  0.33  0.28   NaN   NaN   NaN  0.16  0.18  1.82  0.56  0.50  0.21  0.24  0.28  0.27  0.82  0.68  0.74   NaN   NaN   NaN   NaN   NaN   NaN 11.06 11.73 20.65'
    'NaN   NaN   NaN   NaN   NaN  0.18  0.15  0.16  0.24  0.34  0.37  0.25   NaN   NaN   NaN  0.13  0.06  0.21  0.37  0.19  0.19  0.24  0.30  0.22  0.33  0.49  0.52   NaN   NaN   NaN   NaN   NaN   NaN 11.83  7.69 19.59'
    'NaN   NaN   NaN   NaN  0.19  0.15  0.16  0.21  0.27  0.31  0.36  1.47   NaN   NaN  0.28  0.24  0.09  0.16  0.28  0.19  0.19  0.21  0.30  0.30  0.27  0.25  0.39  0.50   NaN  7.38   NaN   NaN   NaN 11.85  7.32 11.10'
    'NaN   NaN   NaN   NaN  0.92  0.13  0.18  0.27  0.25  0.30  0.52   NaN   NaN   NaN   NaN  0.43   NaN  0.22  0.19  0.19  0.22  0.22  0.33  0.33  0.24  0.56  0.64  0.58  0.24   NaN   NaN   NaN   NaN 42.14  9.98 11.80'
    'NaN   NaN   NaN   NaN  1.21  0.18  0.21  0.25  0.31  0.31  0.33   NaN   NaN  2.06  0.28  0.25  0.42  0.28  0.25  0.30  0.18  0.22  0.34  0.31  0.22  0.49  0.58  0.06  0.13  0.59   NaN   NaN   NaN 42.14 11.91 11.58'
    'NaN   NaN   NaN   NaN   NaN  0.13  0.25  0.22  0.30  0.37  0.37  0.55  0.34  0.42  0.27  0.25  0.30  0.25  0.25  0.24  0.19  0.24  0.31  0.30  0.21  0.31  0.34  0.22  0.15  0.28   NaN   NaN 12.26 41.94 11.50 11.53'
    'NaN   NaN   NaN   NaN 10.37  0.18  0.24  0.21  0.28  0.34  0.39  0.33  0.30  0.30  0.37  0.21  0.22  0.25  0.24  0.22  0.16  0.24  0.30  0.31  0.25  0.36  0.31  0.25  0.33  0.28   NaN   NaN 22.57  5.40 40.18 11.76'
    'NaN   NaN  1.04  0.62   NaN  0.21  0.22  0.19  0.27  0.30  0.30  0.36  0.30  0.33  0.27  0.21  0.22  0.21  0.27  0.21  0.19  0.21  0.27  0.31  0.28  0.37  0.30  0.25  0.27  0.53   NaN   NaN 42.65   NaN 42.55 22.06'
    'NaN   NaN  1.23  0.43  0.07  0.19  0.21  0.22  0.28  0.28  0.33  0.31  0.30  0.31  0.24  0.24  0.19  0.21  0.22  0.22  0.19  0.22  0.27  0.36  0.27  0.33  0.34  0.22  0.18  0.28   NaN   NaN  9.31 55.43 22.39 22.14'
    'NaN   NaN   NaN  0.12  0.12  0.19  0.21  0.21  0.36  0.46  0.31  0.36  0.30  0.25  0.24  0.19  0.18  0.19  0.18  0.21  0.19  0.22  0.28  0.31  0.25  0.31  0.36  0.19  0.16  0.18  0.40   NaN 28.94 10.29 22.67 25.35'
    'NaN   NaN  0.09   NaN   NaN  0.18  0.22  0.22  0.33  0.44  0.33  0.33  0.27  0.25  0.28  0.19  0.16  0.19  0.18  0.24  0.21  0.22  0.27  0.33  0.27  0.30  0.28  0.19  0.16  0.18  0.27   NaN 10.67 10.56 19.93 22.37'
    'NaN   NaN  0.65   NaN  0.52  0.16  0.22  0.25  0.34  0.34  0.33  0.28  0.28  0.24  0.30  0.19  0.19  0.25  0.28  0.22  0.22  0.21  0.24  0.34  0.28  0.28  0.30  0.22  0.16  0.13  0.31 18.65  7.25 10.65  9.67 14.35'
    'NaN   NaN  0.07   NaN  0.44  0.21  0.21  0.24  0.27  0.25  0.25  0.27  0.25  0.22  0.24  0.22  0.24  0.30  0.28  0.21  0.21  0.24  0.24  0.30  0.27  0.28  0.25  0.24  0.16  0.15  0.33  8.75 41.96 10.56  7.75 17.92'
    'NaN   NaN  0.33  0.20   NaN  0.19  0.24  0.27  0.25  0.31  0.33  0.30  0.27  0.22  0.24  0.19  0.22  0.25  0.24  0.18  0.18  0.24  0.22  0.27  0.27  0.25  0.25  0.19  0.18  0.22  1.84 11.85  4.58 17.48 14.10  5.16'
    'NaN   NaN  0.16  0.95  0.34  0.19  0.24  0.21  0.28  0.31  0.30  0.25  0.27  0.24  0.22  0.19  0.21  0.22  0.27  0.18  0.18  0.28  0.27  0.30  0.25  0.22  0.22  0.18  0.22  0.28   NaN   NaN 10.02  9.81 10.96 16.32'
    'NaN   NaN  0.55   NaN  0.24  0.15  0.21  0.21  0.24  0.31  0.31  0.25  0.25  0.24  0.21  0.19  0.22  0.27  0.34  0.19  0.18  0.22  0.30  0.25  0.27  0.24  0.24  0.16  0.18  0.24   NaN   NaN 30.91  8.55  8.60 20.71'
    'NaN   NaN  0.40  0.46  0.16  0.12  0.22  0.21  0.24  0.27  0.31  0.27  0.25  0.27  0.25  0.18  0.27  0.28  0.31  0.22  0.16  0.21  0.30  0.27  0.25  0.27  0.25  0.18  0.16  0.28   NaN   NaN 19.33  8.66 10.70 17.15'
    'NaN   NaN   NaN  1.32  0.36  0.15  0.24  0.24  0.24  0.30  0.28  0.27  0.30  0.24  0.25  0.18  0.22  0.18  0.27  0.16  0.16  0.18  0.24  0.24  0.25  0.24  0.22  0.18  0.18  0.21  0.58   NaN  7.86  6.46  8.67 12.23'
    'NaN   NaN   NaN  0.71  0.21  0.16  0.22  0.22  0.24  0.30  0.25  0.27  0.30  0.22  0.24  0.19  0.19  0.28  0.31  0.24  0.18  0.21  0.19  0.22  0.24  0.22  0.22  0.19  0.15  0.21  0.77  0.34  9.40 11.67 11.28 18.28'
    'NaN   NaN   NaN  0.73  0.24  0.04  0.18  0.21  0.22  0.28  0.24  0.27  0.28  0.24  0.22  0.18  0.21  0.30  0.31  0.24  0.21  0.21  0.21  0.22  0.24  0.19  0.24  0.16  0.18  0.27   NaN 21.68  7.41  9.87 22.55 12.81'
    'NaN   NaN   NaN  0.90  0.21  0.12  0.16  0.25  0.27  0.24  0.28  0.25  0.27  0.24  0.22  0.16  0.18  0.21  0.30  0.19  0.18  0.21  0.22  0.19  0.24  0.19  0.22  0.22  0.22  0.40   NaN   NaN 10.70 14.17  9.13 18.73'
    'NaN   NaN   NaN  0.16  0.42  0.15  0.19  0.19  0.22  0.25  0.30  0.33  0.27  0.27  0.22  0.18  0.21  0.33  0.34  0.24  0.16  0.18  0.21  0.21  0.27  0.25  0.28  0.28  0.24   NaN   NaN   NaN 13.64  8.95 12.41 12.01'
    'NaN   NaN   NaN  0.28  0.33  0.18  0.16  0.22  0.24  0.27  0.34  0.31  0.30  0.24  0.21  0.21  0.24  0.30  0.42  0.24  0.16  0.24  0.22  0.22  0.37  0.37  0.30  0.33   NaN   NaN   NaN   NaN 23.97 18.50 18.12 12.44'
    'NaN   NaN   NaN  0.16  0.22  0.16  0.18  0.21  0.24  0.30  0.36  0.33  0.30  0.22  0.22  0.18  0.19  0.16  0.27  0.21  0.16  0.28  0.34  0.30  0.37   NaN   NaN   NaN   NaN   NaN   NaN   NaN   NaN 18.25 18.86 18.78'
    'NaN   NaN   NaN  0.19  0.13  0.15  0.19  0.22  0.25  0.25  0.34  0.33  0.27  0.25  0.22  0.16  0.21  0.25  0.37  0.24  0.19  0.28  0.33  0.34   NaN   NaN   NaN   NaN   NaN   NaN   NaN   NaN   NaN 16.57 16.46 18.03'
    'NaN   NaN   NaN  0.56  0.43  0.19  0.18  0.21  0.21  0.28  0.31  0.33  0.28  0.24  0.19  0.18  0.25  0.31  0.37  0.21  0.25  0.31  0.46  0.22   NaN   NaN   NaN   NaN   NaN   NaN   NaN   NaN  5.03 19.99 18.49 18.75'
    'NaN   NaN   NaN   NaN  0.09  0.24  0.15  0.22  0.25  0.28  0.36  0.33  0.27  0.24  0.19  0.16  0.25  0.25  0.24  0.21  0.37  0.59   NaN   NaN   NaN   NaN   NaN   NaN   NaN   NaN   NaN 11.24  5.32 20.53 22.97 14.50'
    'NaN   NaN   NaN   NaN  0.24  0.15  0.18  0.16  0.24  0.31  0.37  0.33  0.30  0.22  0.19  0.22  0.31  0.40  0.37  0.21  0.28  0.53  0.37  0.53   NaN   NaN   NaN   NaN   NaN   NaN   NaN 14.19  5.46 22.02 11.49 18.32'
    'NaN   NaN   NaN  1.00  0.27  0.15  0.18  0.18  0.25  0.30  0.37  0.31  0.27  0.24  0.19  0.31  0.31  0.36  0.43  0.31  0.39  0.24  0.33  0.46   NaN   NaN   NaN   NaN   NaN 17.38   NaN   NaN 35.85   NaN 15.69 15.52'
    'NaN   NaN   NaN   NaN  0.10  0.19  0.15  0.21  0.27  0.30  0.44  0.34  0.33  0.18  0.25  0.30  0.39  0.58  0.30  0.36  0.58  0.24  0.28  0.47  0.79   NaN  0.47  0.27   NaN 17.94   NaN   NaN 34.43   NaN 14.81 25.99'
    'NaN   NaN   NaN   NaN  0.19  0.22  0.15  0.18  0.25  0.34  0.31  0.28  0.19  0.19  0.22  0.36  0.42  2.08  0.27  0.36  0.22  0.19  0.40  0.67  0.53   NaN 14.72  0.28   NaN   NaN   NaN  7.04   NaN   NaN 13.15 25.87'
    'NaN   NaN   NaN   NaN  2.55  0.19  0.15  0.27  0.37  0.39  0.39  0.28  0.22  0.24  0.30  0.47   NaN  1.33  0.34  0.61  0.19  0.24  0.47  0.31  1.07  0.68  0.30   NaN 18.86   NaN  0.39   NaN 21.90 28.39 14.06 18.75'
    'NaN   NaN   NaN   NaN  0.59  0.16  0.19  0.46   NaN  0.93  0.61  0.55  0.39  0.37  0.28   NaN   NaN   NaN   NaN   NaN  0.27  0.27  0.25  0.31  0.28  0.67  0.58   NaN   NaN   NaN  0.74   NaN 29.86 18.41  2.08 11.67'
    'NaN   NaN   NaN   NaN  0.43  0.25  0.28   NaN  0.93   NaN   NaN   NaN   NaN   NaN   NaN   NaN   NaN   NaN   NaN   NaN  0.27  0.21  0.24  0.28  0.25  0.19  0.44  0.89   NaN   NaN  0.56 15.39 26.76   NaN 14.41 17.51'
    'NaN   NaN   NaN   NaN  1.51  0.19  0.18  0.36  0.49  0.89  7.03   NaN   NaN   NaN   NaN   NaN   NaN   NaN   NaN  0.19  0.19  0.21  0.24  0.27  0.21  0.22  0.56  0.33  0.18  0.25  0.46 25.99   NaN 41.01  2.36 22.76'
    'NaN   NaN 15.86   NaN  1.48  0.18  0.21  0.28  0.52  0.61  0.70  0.18   NaN   NaN   NaN   NaN   NaN   NaN   NaN  0.22  0.24  0.19  0.22  0.25  0.19  0.18  0.55  0.36  0.34  0.24  0.21  0.42  0.24   NaN  9.15 18.41'
    'NaN   NaN  0.93  2.08  1.20  0.21  0.21  0.30  0.44  0.52  0.46  0.44   NaN   NaN   NaN   NaN   NaN   NaN  0.24  0.21  0.16  0.21  0.21  0.22  0.25  0.19  0.42  0.31  0.30  0.19  0.34  0.33   NaN   NaN 25.35 18.73'
    'NaN   NaN  1.25  0.00  1.05  1.70  0.19  0.27  0.44  0.46  0.40  0.39  0.40  2.66   NaN   NaN   NaN  0.43  0.22  0.24  0.19  0.21  0.19  0.22  0.27  0.22  0.49  0.28  0.22  0.18  0.33   NaN   NaN   NaN  7.16 10.10'
    'NaN   NaN  1.29   NaN  0.34  0.16  0.16  0.24  0.37  0.37  0.37  0.34  0.34  0.61   NaN   NaN   NaN  0.33  0.19  0.19  0.19  0.22  0.19  0.24  0.28  0.24  0.25  0.42  0.30  0.18  0.47   NaN   NaN   NaN 11.31 22.03'
    'NaN   NaN  1.70  1.32  0.09  0.15  0.15  0.25  0.30  0.36  0.33  0.33  0.31  0.27  0.28  0.25  1.78  0.24  0.22  0.21  0.19  0.21  0.18  0.22  0.24  0.22  0.25  0.27  0.27  0.19  0.25  1.13   NaN   NaN 21.51 23.77'
    'NaN   NaN  1.04  0.59  0.28  0.15  0.13  0.25  0.31  0.34  0.28  0.30  0.31  0.25  0.24  0.22  0.21  0.25  0.22  0.19  0.21  0.21  0.21  0.21  0.22  0.19  0.24  0.22  0.24  0.19  0.22  1.20   NaN   NaN 19.27 55.72'
    'NaN   NaN   NaN  0.49  0.53  0.18  0.24  0.22  0.24  0.34  0.30  0.31  0.33  0.33  0.30  0.27  0.24  0.25  0.18  0.24  0.27  0.22  0.24  0.21  0.21  0.25  0.22  0.22  0.24  0.16  0.16  0.56   NaN   NaN 13.91 21.60'
    'NaN   NaN   NaN  0.28  0.43  0.16  0.18  0.16  0.22  0.31  0.33  0.34  0.34  0.27  0.27  0.25  0.30  0.36  0.30  0.31  0.25  0.37  0.24  0.25  0.22  0.24  0.24  0.22  0.19  0.18  0.21  0.65 14.01   NaN 13.64 24.45'
    'NaN   NaN   NaN  1.26  0.19  0.10  0.16  0.15  0.19  0.31  0.34  0.37  0.36  0.28  0.27  0.27  0.31  0.24  0.30  0.33  0.61  0.37  0.34  0.24  0.24  0.22  0.21  0.22  0.18  0.15  0.22  0.47  6.83 12.38 17.91 22.95'
    'NaN   NaN   NaN  0.62  0.59  0.18  0.15  0.18  0.19  0.28  0.49  0.37  0.36  0.30  0.27  0.25  0.27  0.31  0.30  0.42   NaN   NaN   NaN  0.27  0.24  0.22  0.21  0.16  0.21  0.19  0.19  0.31  0.39 11.83  9.67 10.72'
    'NaN   NaN   NaN  0.58  0.13  0.18  0.13  0.18  0.21  0.28  0.34  0.40  0.36  0.28  0.27  0.25  0.28  0.37  0.34  0.31   NaN   NaN   NaN   NaN  0.27  0.28  0.24  0.18  0.25  0.25  0.28  0.34  0.27  2.03 18.71 10.76'
    'NaN   NaN   NaN  1.87  0.24  0.19  0.12  0.16  0.18  0.27  0.34  0.39  0.37  0.28  0.27  0.36  0.31  0.30  0.27  0.47   NaN   NaN   NaN   NaN   NaN  0.31  0.46  0.34  0.33  0.21  0.36  0.24  0.30  0.39 15.06 10.65'